# # Number of Steps      MSD       Linear Fit
0.000000000000000000e+00       1.000000000000000000e+00       0.000000000000000000e+00
1.000000000000000000e+00       2.056000000000000050e+00       9.687663614734864925e-01
2.000000000000000000e+00       3.128000000000000114e+00       1.937532722946972985e+00
3.000000000000000000e+00       4.032000000000000028e+00       2.906299084420459700e+00
4.000000000000000000e+00       4.919999999999999929e+00       3.875065445893945970e+00
5.000000000000000000e+00       6.088000000000000078e+00       4.843831807367432241e+00
6.000000000000000000e+00       7.128000000000000114e+00       5.812598168840919399e+00
7.000000000000000000e+00       8.048000000000000043e+00       6.781364530314405670e+00
8.000000000000000000e+00       9.560000000000000497e+00       7.750130891787891940e+00
9.000000000000000000e+00       1.029599999999999937e+01       8.718897253261378211e+00
1.000000000000000000e+01       1.075999999999999979e+01       9.687663614734864481e+00
1.100000000000000000e+01       1.196799999999999997e+01       1.065642997620835075e+01
1.200000000000000000e+01       1.277599999999999980e+01       1.162519633768183880e+01
1.300000000000000000e+01       1.385599999999999987e+01       1.259396269915532507e+01
1.400000000000000000e+01       1.511200000000000010e+01       1.356272906062881134e+01
1.500000000000000000e+01       1.576800000000000068e+01       1.453149542210229761e+01
1.600000000000000000e+01       1.719200000000000017e+01       1.550026178357578388e+01
1.700000000000000000e+01       1.836799999999999855e+01       1.646902814504927193e+01
1.800000000000000000e+01       1.896799999999999997e+01       1.743779450652275642e+01
1.900000000000000000e+01       1.968799999999999883e+01       1.840656086799624447e+01
2.000000000000000000e+01       2.077599999999999980e+01       1.937532722946972896e+01
2.100000000000000000e+01       2.238400000000000034e+01       2.034409359094321701e+01
2.200000000000000000e+01       2.380000000000000071e+01       2.131285995241670150e+01
2.300000000000000000e+01       2.535999999999999943e+01       2.228162631389018955e+01
2.400000000000000000e+01       2.695200000000000173e+01       2.325039267536367760e+01
2.500000000000000000e+01       2.750400000000000134e+01       2.421915903683716209e+01
2.600000000000000000e+01       2.835999999999999943e+01       2.518792539831065014e+01
2.700000000000000000e+01       2.927199999999999847e+01       2.615669175978413463e+01
2.800000000000000000e+01       3.035999999999999943e+01       2.712545812125762268e+01
2.900000000000000000e+01       3.063200000000000145e+01       2.809422448273110717e+01
3.000000000000000000e+01       3.159199999999999875e+01       2.906299084420459522e+01
3.100000000000000000e+01       3.263199999999999790e+01       3.003175720567807971e+01
3.200000000000000000e+01       3.386399999999999721e+01       3.100052356715156776e+01
3.300000000000000000e+01       3.499199999999999733e+01       3.196928992862505581e+01
3.400000000000000000e+01       3.613600000000000279e+01       3.293805629009854385e+01
3.500000000000000000e+01       3.672800000000000153e+01       3.390682265157202835e+01
3.600000000000000000e+01       3.747999999999999687e+01       3.487558901304551284e+01
3.700000000000000000e+01       3.927199999999999847e+01       3.584435537451899734e+01
3.800000000000000000e+01       4.048799999999999955e+01       3.681312173599248894e+01
3.900000000000000000e+01       4.036800000000000210e+01       3.778188809746597343e+01
4.000000000000000000e+01       4.106400000000000006e+01       3.875065445893945792e+01
4.100000000000000000e+01       4.283200000000000074e+01       3.971942082041294952e+01
4.200000000000000000e+01       4.463199999999999790e+01       4.068818718188643402e+01
4.300000000000000000e+01       4.521600000000000108e+01       4.165695354335991851e+01
4.400000000000000000e+01       4.628000000000000114e+01       4.262571990483340301e+01
4.500000000000000000e+01       4.703199999999999648e+01       4.359448626630689461e+01
4.600000000000000000e+01       4.852000000000000313e+01       4.456325262778037910e+01
4.700000000000000000e+01       4.992000000000000171e+01       4.553201898925386359e+01
4.800000000000000000e+01       5.060000000000000142e+01       4.650078535072735519e+01
4.900000000000000000e+01       5.079200000000000159e+01       4.746955171220083969e+01
