Time,Signal
0.0,11.0
0.05012531328320802,10.968426320904074
0.10025062656641603,10.8756990780396
0.15037593984962405,10.727673751825886
0.20050125313283207,10.533697750558813
0.2506265664160401,10.306020146271017
0.3007518796992481,10.059018178192723
0.3508771929824561,9.808289368076261
0.40100250626566414,9.569666577903075
0.45112781954887216,9.358218206476968
0.5012531328320802,9.18729665984747
0.5513784461152882,9.067695182142298
0.6015037593984962,9.006966290714375
0.6516290726817042,9.008944854623296
0.7017543859649122,9.073505932785197
0.7518796992481203,9.19657266367214
0.8020050125313283,9.3703737083473
0.8521303258145363,9.583933989988463
0.9022556390977443,9.823767740995278
0.9523809523809523,10.074730093586425
1.0025062656641603,10.320973438190158
1.0526315789473684,10.546948158122428
1.1027568922305764,10.738384546801365
1.1528822055137844,10.88319390202011
1.2030075187969924,10.972231895555131
1.2531328320802004,10.999876013335989
1.3032581453634084,10.964380602355277
1.3533834586466165,10.867987104044364
1.4035087719298245,10.716782513168452
1.4536340852130325,10.520315000187836
1.5037593984962405,10.290990969517765
1.5538847117794485,10.043291627864962
1.6040100250626566,9.792858534280661
1.6541353383458646,9.555505877028525
1.7042606516290726,9.346221849373842
1.7543859649122806,9.178222184774755
1.8045112781954886,9.062115618227814
1.8546365914786966,9.005233972679186
1.9047619047619047,9.01116917377487
1.9548872180451127,9.07954642924534
2.0050125313283207,9.206047896047222
2.0551378446115285,9.382685340744583
2.1052631578947367,9.598304575347031
2.155388471177945,9.839289814814066
2.2055137844611528,10.090423477910115
2.2556390977443606,10.335847137257621
2.305764411027569,10.560062937131015
2.355889724310777,10.748912242103414
2.406015037593985,10.890469717469445
2.4561403508771926,10.975796382627436
2.506265664160401,10.999504084089338
2.556390977443609,10.960095743139032
2.606516290726817,10.860059892398255
2.6566416040100247,10.705713531565756
2.706766917293233,10.50680322557464
2.756892230576441,10.275889634765374
2.807017543859649,10.027554342368163
2.8571428571428568,9.777479066043687
2.907268170426065,9.541455398840936
2.9573934837092732,9.334387611814511
3.007518796992481,9.169351488681777
3.057644110275689,9.05676862462478
3.107769423558897,9.003748330086397
3.1578947368421053,9.013638696597278
3.208020050125313,9.085815173640713
3.258145363408521,9.215720007367812
3.308270676691729,9.395150050712362
3.3583959899749374,9.612774770456902
3.408521303258145,9.85485174047232
3.458646616541353,10.106094439623059
3.508771929824561,10.350637555192753
3.5588972431077694,10.573038835469179
3.6090225563909772,10.759254227144387
3.659147869674185,10.897524720179433
3.7092731829573933,10.979118898223268
3.7593984962406015,10.998884304488584
3.8095238095238093,10.95557280578614
3.859649122807017,10.851919408838327
3.9097744360902253,10.694469551830009
3.9598997493734336,10.493165777278948
4.010025062656641,10.260719886742086
4.060150375939849,10.011810224129388
4.110275689223057,9.762154777063262
4.160401002506266,9.52751862748414
4.2105263157894735,9.322718428374257
4.260651629072681,9.160686771264569
4.31077694235589,9.051655527244995
4.360902255639098,9.002509731335744
4.4110275689223055,9.016352810714721
4.461152882205513,9.092310611489907
4.511278195488721,9.22558659920828
4.56140350877193,9.407764747335023
4.611528822055138,9.627340987095637
4.661654135338345,9.870449659027546
4.711779448621554,10.121739092744722
4.761904761904762,10.365341024366396
4.81203007518797,10.585872635460225
4.8621553884711775,10.769407937387841
4.912280701754385,10.904357160697577
4.962406015037594,10.982198618447375
5.012531328320802,11.985643506645214
5.0626566416040095,11.656526443430193
5.112781954887218,10.996501634860627
5.162907268170426,10.22450876100922
5.213032581453634,9.585381105978074
5.263157894736842,9.259124183738077
5.313283208020049,9.295949934059431
5.363408521303258,9.601741207826631
5.413533834586466,9.97922643576468
5.463659147869674,10.20874191287876
5.513784461152882,10.137264960753228
5.56390977443609,9.741247145830242
5.614035087719298,9.138872041385099
5.664160401002506,8.546829470583445
5.7142857142857135,8.198062264195167
5.764411027568922,8.251998035631727
5.81453634085213,8.73174349520357
5.864661654135338,9.512449272257564
5.9147869674185465,10.365485739636174
5.964912280701754,11.041710718515988
6.015037593984962,11.362152517157737
6.06516290726817,11.281614516832347
6.115288220551378,10.901109947729191
6.165413533834586,10.424664363666585
6.215538847117794,10.077345391101197
6.265664160401002,10.01621271350146
6.315789473684211,10.26853567007489
6.365914786967418,10.721086455465365
6.416040100250626,11.164633570770066
6.466165413533834,11.376492761619822
6.516290726817042,11.209309111909558
6.5664160401002505,10.651784900128822
6.616541353383458,9.837781361929583
6.666666666666666,9.000000000000014
6.716791979949875,8.385701930430125
6.7669172932330826,8.16649587556056
6.81704260651629,8.376523646302335
6.867167919799498,8.902512827973888
6.917293233082706,9.529315285812494
6.967418546365915,10.023322702669763
7.017543859649122,10.221689772850537
7.06766917293233,10.093147270405307
7.117794486215539,9.74717049182186
7.167919799498747,9.388162963149965
7.2180451127819545,9.232480392118585
7.268170426065162,9.42042822293551
7.31829573934837,9.957323096040163
7.368421052631579,10.706561163924047
7.4185463659147866,11.437662633903724
7.468671679197994,11.911129123347907
7.518796992481203,11.967771603062413
7.568922305764411,11.58838708611537
7.619047619047619,10.900968867902428
7.669172932330826,10.13269300713708
7.719298245614034,9.525039291096096
7.769423558897243,9.244478672603016
7.819548872180451,9.322794123314903
7.8696741854636585,9.649674702884326
7.919799498746867,10.0201227183171
7.969924812030075,10.21815818245027
8.020050125313283,10.104376039589688
8.070175438596491,9.673455747900714
8.120300751879698,9.059297140980712
8.170426065162907,8.485615964984442
8.220551378446114,8.180835882289959
8.270676691729323,8.289895135547061
8.320802005012531,8.816851003096236
8.370927318295738,9.620423043444756
8.421052631578947,10.464368812650097
8.471177944862156,11.103600030361996
8.521303258145362,11.37327399421587
8.571428571428571,11.246979603717469
8.62155388471178,10.842006105874896
8.671679197994987,10.36997973967418
8.721804511278195,10.052089290387594
8.771929824561402,10.031662677008693
8.822055137844611,10.317808926722227
8.87218045112782,10.781841827437919
8.922305764411027,11.207862989158663
8.972431077694235,11.37801436562095
9.022556390977442,11.159527973790636
9.072681704260651,10.55994475793234
9.12280701754386,9.729039531366466
9.172932330827066,8.906408840121301
9.223057644110275,8.334518104422493
9.273182957393484,8.17026591796019
9.32330827067669,8.428716632404502
9.3734335839599,8.9803481037841
9.423558897243108,9.60267964887379
9.473684210526315,10.066343490494141
9.523809523809524,10.222520933956316
9.57393483709273,10.05822145133455
9.62406015037594,9.698303714091612
9.674185463659148,9.353650093643047
9.724310776942355,9.235632675475827
9.774436090225564,9.469990428444651
9.82456140350877,10.043488495544972
9.87468671679198,10.804153564006231
9.924812030075188,11.515300887620082
9.974937343358395,11.94288809069516
10.025062656641603,11.882544896300193
10.075187969924812,11.082362215033115
10.125313283208019,10.096820317026667
10.175438596491228,9.649362444807243
10.225563909774436,9.978718711472949
10.275689223057643,10.649504565089787
10.325814536340852,10.923097463298566
10.375939849624059,10.380963041792244
10.426065162907268,9.283428037665793
10.476190476190476,8.365979260267741
10.526315789473683,8.241052497587006
10.576441102756892,8.900090472432169
10.626566416040099,9.727704748972299
10.676691729323307,10.015765200139535
10.726817042606516,9.5513427179168
10.776942355889723,8.791448498703446
10.827067669172932,8.479943579140897
10.87719298245614,9.024203617372557
10.927318295739347,10.148275741917557
10.977443609022556,11.110397575412437
11.027568922305765,11.305414435577612
11.077694235588972,10.753894491650748
11.12781954887218,10.073594464454905
11.177944862155387,9.957635646215511
11.228070175438596,10.592235252664949
11.278195488721805,11.496776897734382
11.328320802005011,11.91904215243251
11.37844611528822,11.458430196720485
11.428571428571427,10.40096886790249
11.478696741854636,9.488439821105938
11.528822055137844,9.312460259707036
11.578947368421051,9.834841309055314
11.62907268170426,10.430833759323157
11.679197994987469,10.418709190304067
11.729323308270676,9.636282452565267
11.779448621553884,8.586117988574182
11.829573934837093,8.028465399649695
11.8796992481203,8.358497169264925
11.929824561403509,9.283217486831552
11.979949874686715,10.06537797084546
12.030075187969924,10.132297602277797
12.080200501253133,9.545443145951037
12.13032581453634,8.942137510953838
12.180451127819548,8.99814249853009
12.230576441102755,9.856837472428378
12.280701754385964,10.998481516433296
12.330827067669173,11.658600023199128
12.38095238095238,11.449728576174756
12.431077694235588,10.67227395639427
12.481203007518797,10.057655325735096
12.531328320802004,10.156978167104423
12.581453634085213,10.881923550553823
12.631578947368421,11.578281018792776
12.681704260651628,11.571196989805385
12.731829573934837,10.730319691879224
12.781954887218044,9.586365514568051
12.832080200501252,8.902016958179642
12.882205513784461,9.05189706462411
12.932330827067668,9.724422521212519
12.982456140350877,10.19171063192374
13.032581453634084,9.92324097955387
13.082706766917292,9.034322284367278
13.132832080200501,8.197347496254366
13.182957393483708,8.088913628488054
13.233082706766917,8.830477305284896
13.283208020050125,9.885759392249607
13.333333333333332,10.499999999999993
13.38345864661654,10.31755955776676
13.43358395989975,9.666810596599944
13.483709273182956,9.276967807686525
13.533834586466165,9.662100080531076
13.583959899749372,10.683278017620456
13.63408521303258,11.652272663453346
13.68421052631579,11.891634483401273
13.734335839598996,11.287892839919945
13.784461152882205,10.380184830323666
13.834586466165412,9.911244307548833
13.88471177944862,10.212802406679184
13.93483709273183,10.934408291921697
13.984962406015036,11.340049641849383
14.035087719298245,10.92649406721481
14.085213032581454,9.850655619449936
14.13533834586466,8.811351101911816
14.185463659147869,8.482641920732071
14.235588972431078,8.96733214722355
14.285714285714285,9.72252093395633
14.335839598997493,10.01819514758788
14.3859649122807,9.548466641689107
14.436090225563909,8.688777207230252
14.486215538847118,8.185796762834105
14.536340852130325,8.53680379190759
14.586466165413533,9.572717197098415
14.63659147869674,10.590457139341666
14.686716791979949,10.925491429429902
14.736842105263158,10.49097097428164
14.786967418546364,9.837624243501196
14.837092731829573,9.685563093504028
14.887218045112782,10.316544960413891
14.937343358395989,11.330766810574767
14.987468671679197,11.970248723777658
15.037593984962406,10.982198618447374
15.087719298245613,10.90435716069758
15.137844611528822,10.76940793738784
15.187969924812029,10.585872635460234
15.238095238095237,10.365341024366394
15.288220551378446,10.121739092744722
15.338345864661653,9.87044965902755
15.388471177944862,9.627340987095627
15.438596491228068,9.407764747335024
15.488721804511277,9.225586599208278
15.538847117794486,9.092310611489905
15.588972431077693,9.016352810714721
15.639097744360901,9.002509731335744
15.68922305764411,9.051655527244995
15.739348370927317,9.160686771264567
15.789473684210526,9.322718428374255
15.839598997493734,9.527518627484133
15.889724310776941,9.762154777063248
15.93984962406015,10.011810224129386
15.989974937343357,10.260719886742072
16.040100250626566,10.493165777278945
16.090225563909772,10.694469551829995
16.140350877192983,10.85191940883833
16.19047619047619,10.955572805786138
16.240601503759397,10.998884304488584
16.290726817042607,10.979118898223266
16.340852130325814,10.897524720179433
16.39097744360902,10.759254227144389
16.441102756892228,10.573038835469193
16.49122807017544,10.350637555192746
16.541353383458645,10.106094439623066
16.591478696741852,9.85485174047233
16.641604010025063,9.6127747704569
16.69172932330827,9.395150050712362
16.741854636591476,9.215720007367814
16.791979949874687,9.085815173640707
16.842105263157894,9.013638696597276
16.8922305764411,9.003748330086395
16.94235588972431,9.056768624624782
16.992481203007518,9.169351488681778
17.042606516290725,9.334387611814515
17.092731829573935,9.541455398840933
17.142857142857142,9.777479066043682
17.19298245614035,10.027554342368157
17.24310776942356,10.275889634765381
17.293233082706767,10.506803225574632
17.343358395989974,10.705713531565749
17.39348370927318,10.860059892398247
17.44360902255639,10.960095743139032
17.493734335839598,10.999504084089338
17.543859649122805,10.97579638262744
17.593984962406015,10.890469717469442
17.644110275689222,10.748912242103419
17.69423558897243,10.560062937131024
17.74436090225564,10.335847137257621
17.794486215538846,10.090423477910116
17.844611528822053,9.839289814814068
17.894736842105264,9.598304575347022
17.94486215538847,9.38268534074458
17.994987468671678,9.206047896047227
18.045112781954884,9.079546429245344
18.095238095238095,9.01116917377487
18.145363408521302,9.005233972679186
18.19548872180451,9.062115618227814
18.24561403508772,9.17822218477476
18.295739348370926,9.346221849373837
18.345864661654133,9.555505877028516
18.395989974937343,9.792858534280663
18.44611528822055,10.043291627864962
18.496240601503757,10.290990969517765
18.546365914786968,10.520315000187834
18.596491228070175,10.716782513168448
18.64661654135338,10.86798710404436
18.696741854636592,10.964380602355279
18.7468671679198,10.999876013335989
18.796992481203006,10.972231895555133
18.847117794486216,10.88319390202011
18.897243107769423,10.738384546801367
18.94736842105263,10.546948158122431
18.997493734335837,10.320973438190178
19.047619047619047,10.07473009358642
19.097744360902254,9.823767740995288
19.14786967418546,9.583933989988473
19.19799498746867,9.370373708347302
19.24812030075188,9.19657266367214
19.298245614035086,9.0735059327852
19.348370927318296,9.008944854623296
19.398496240601503,9.006966290714377
19.44862155388471,9.067695182142295
19.49874686716792,9.18729665984747
19.548872180451127,9.358218206476968
19.598997493734334,9.569666577903073
19.64912280701754,9.808289368076258
19.69924812030075,10.059018178192732
19.74937343358396,10.30602014627101
19.799498746867165,10.533697750558805
19.849624060150376,10.727673751825888
19.899749373433583,10.8756990780396
19.94987468671679,10.968426320904074
20.0,11.0
